NA-KCMH , Hourly Forecast Made Oct 2 2026 1502 UTC
LocalTime, Temp, TempDiff, TempNormal, DewPoint, Cloud Cover, FeelsLikeTemp, FeelsLikeTempDiff, Precip, WindDir, WindSpeed(mph), GHIrradiance, POP, Relative Humidity (RH) 
10/2/2026 12:00:00 AM,75.02,0.36,55.4,62.06,75,75.02,0.36,0,190,10.4,0,0,63.9
10/2/2026 1:00:00 AM,73.94,-0.72,53.16,62.06,75,73.94,-0.72,0,200,10.4,0,0,66.3
10/2/2026 2:00:00 AM,73.04,-1.08,51.45,62.06,75,73.04,-1.08,0,200,8.1,0,0,68.4
10/2/2026 3:00:00 AM,71.96,-1.8,50.87,62.06,75,71.96,-1.8,0,190,6.9,0,0,70.9
10/2/2026 4:00:00 AM,71.06,-2.16,50.53,62.06,50,71.06,-2.16,0,190,8.1,0,0,73.1
10/2/2026 5:00:00 AM,71.06,-1.62,50.3,62.06,75,71.06,-1.62,0,180,6.9,0,0,73.1
10/2/2026 6:00:00 AM,71.96,-0.54,50,62.06,100,71.96,-0.54,0,210,6.9,0,0,70.9
10/2/2026 7:00:00 AM,71.96,0.18,50.99,62.06,75,71.96,0.18,0,230,6.9,0,0,70.9
10/2/2026 8:00:00 AM,71.06,0.72,53.23,64.04,100,71.06,0.72,0,270,13.9,3,100,78.4
10/2/2026 9:00:00 AM,68,-0.36,56.59,66.92,100,68,-0.36,0.13,270,8.1,19.6,100,96.3
10/2/2026 10:00:00 AM,66.02,-1.26,60.8,64.94,100,66.02,-1.26,0.13,340,13.8,38.9,100,96.3
10/2/2026 11:00:00 AM,64.94,-1.08,63.6,62.96,100,64.94,-1.08,0.02,0,10.4,48.3,0,93.3
10/2/2026 12:00:00 PM,63.91,-0.31,66.2,61.93,100,63.91,-0.31,0.01,11,13,73.5,46,93.3
10/2/2026 1:00:00 PM,62.72,-0.24,68.44,60.74,100,62.72,-0.24,0,5,13,83.8,13,93.2
10/2/2026 2:00:00 PM,62.42,0.18,70.15,59,100,62.42,0.18,0,9,10.6,101.7,12,88.5
10/2/2026 3:00:00 PM,62.24,0.36,71.23,57.38,100,62.24,0.36,0,358,11.2,120,9,84.1
10/2/2026 4:00:00 PM,62.06,0.72,71.6,56.48,98,62.06,0.72,0,2,11.2,119.8,6,81.9
10/2/2026 5:00:00 PM,62.42,1.44,71.23,55.4,100,62.42,1.44,0,4,11.2,96.3,4,77.8
10/2/2026 6:00:00 PM,61.16,0.36,70.15,53.42,99,61.16,0.36,0,5,10.6,68.8,4,75.7
10/2/2026 7:00:00 PM,60.62,0.36,68.44,52.16,85,60.62,0.36,0,11,8.1,20.5,4,73.6
10/2/2026 8:00:00 PM,59.72,0.72,66.2,50.9,80,59.72,0.72,0,14,8.1,0.2,3,72.6
10/2/2026 9:00:00 PM,58.64,0.72,63.6,50.36,71,58.64,0.72,0,20,6.2,0,3,74
10/2/2026 10:00:00 PM,57.56,0.72,60.8,50.36,61,57.56,0.72,0,27,5.6,0,4,76.9
10/2/2026 11:00:00 PM,56.3,0.54,58,50.18,29,56.3,0.54,0,25,5.6,0,5,79.9
10/3/2026 12:00:00 AM,55.04,0.18,54.98,50.18,22,55.04,0.18,0,34,5.6,0,6,83.7
10/3/2026 1:00:00 AM,53.96,-0.18,52.75,49.82,22,53.96,-0.18,0,34,5,0,6,85.9
10/3/2026 2:00:00 AM,52.88,-0.9,51.04,49.1,8,52.88,-0.9,0,42,5,0,7,87
10/3/2026 3:00:00 AM,51.98,-0.9,50.46,48.38,12,51.98,-0.9,0,39,5.6,0,6,87.5
10/3/2026 4:00:00 AM,51.08,-0.72,50.13,47.48,12,51.08,-0.72,0,41,5.6,0,6,87.5
10/3/2026 5:00:00 AM,50.36,-0.54,49.89,46.58,16,50.36,-0.54,0,48,5.6,0,6,86.8
10/3/2026 6:00:00 AM,49.82,-0.36,49.6,45.68,7,47.34,-2.84,0,43,6.2,0,6,85.7
10/3/2026 7:00:00 AM,49.46,-0.36,50.59,45.14,7,46.91,-0.13,0,40,6.2,0,6,85.1
10/3/2026 8:00:00 AM,49.46,-0.54,52.82,45.68,7,46.61,-0.38,0,45,6.8,7.9,5,86.8
10/3/2026 9:00:00 AM,52.7,0,56.16,46.04,2,52.7,0,0,45,8.1,141.3,4,78.1
10/3/2026 10:00:00 AM,56.12,-0.18,60.35,46.58,2,56.12,-0.18,0,52,9.9,331.4,2,70.3
10/3/2026 11:00:00 AM,59.18,-0.36,63.13,46.4,7,59.18,-0.36,0,56,10.6,504.8,1,62.6
10/3/2026 12:00:00 PM,61.52,-0.54,65.72,45.68,2,61.52,-0.54,0,58,9.9,636.1,0,56
10/3/2026 1:00:00 PM,63.86,-0.18,67.95,45.32,2,63.86,-0.18,0,55,9.3,724.9,0,50.9
10/3/2026 2:00:00 PM,65.66,0,69.66,44.96,2,65.66,0,0,54,8.7,747.6,0,47.1
10/3/2026 3:00:00 PM,66.74,0,70.73,44.42,2,66.74,0,0,46,8.7,704.9,0,44.5
10/3/2026 4:00:00 PM,67.1,-0.18,71.1,44.42,2,67.1,-0.18,0,52,8.7,606.1,0,43.9
10/3/2026 5:00:00 PM,66.74,0.18,70.73,44.96,2,66.74,0.18,0,59,8.1,455.2,0,45.4
10/3/2026 6:00:00 PM,65.48,0.36,69.66,45.5,13,65.48,0.36,0,56,7.4,270.6,0,48.4
10/3/2026 7:00:00 PM,62.78,0.36,67.95,46.4,15,62.78,0.36,0,56,6.2,77.4,1,55.1
10/3/2026 8:00:00 PM,59.9,0,65.73,46.22,18,59.9,0,0,54,5.6,0.3,2,60.6
10/3/2026 9:00:00 PM,57.92,0.18,63.13,45.86,23,57.92,0.18,0,59,5,0,2,64.2
10/3/2026 10:00:00 PM,56.48,0.18,60.35,45.5,40,56.48,0.18,0,60,4.3,0,2,66.7
10/3/2026 11:00:00 PM,54.68,-0.36,57.57,45.14,39,54.68,-0.36,0,5