KCMH,tmp2m,precip,dpt2m,heatindex,windchill,tmp850,windspeed10,winddirection10,windspeed80,winddirection80,cloudtotal,ptype,visibility,solar,mslp,pressure,wetbulb,snow
0,72.3,,55.9,71.9,74.6,10.5,1.8,343.4,2.1,342.8,2.0,,20.0,546.0,1014.6,986.1,62.0,
1,71.8,0.0,55.1,71.3,74.0,10.6,1.9,350.2,2.3,351.5,4.0,,20.6,380.8,1014.3,985.8,61.5,0.0
2,70.8,0.0,54.6,70.3,72.7,10.8,2.1,2.2,2.8,2.5,2.0,,21.0,188.6,1015.0,986.4,60.9,0.0
3,66.7,0.0,56.1,66.3,68.1,11.1,1.8,8.8,3.3,5.1,0.0,,17.7,16.5,1014.6,986.1,60.1,0.0
4,63.7,0.0,54.7,63.2,64.6,11.1,1.9,22.8,2.5,6.1,0.0,,17.4,0.0,1015.3,986.7,58.3,0.0
5,61.7,0.0,54.8,61.2,62.5,10.5,1.6,358.7,2.3,338.3,2.0,,15.2,0.0,1015.4,986.9,57.5,0.0
6,59.8,0.0,55.6,59.5,59.9,10.3,2.0,13.2,2.4,353.2,1.0,,12.4,0.0,1015.6,987.0,57.3,0.0
7,58.2,0.0,55.5,58.0,58.1,10.3,2.0,37.4,3.7,28.1,2.0,,10.1,0.0,1016.2,987.7,56.6,0.0
8,57.0,0.0,55.4,56.8,57.1,10.0,1.7,25.7,4.0,68.0,1.0,,9.1,0.0,1016.4,987.9,56.1,0.0
9,56.3,0.0,54.7,56.0,57.1,9.8,1.2,30.4,3.4,83.6,4.0,,8.9,0.0,1016.1,987.5,55.4,0.0
10,55.6,0.0,54.0,55.3,57.0,9.9,0.8,65.0,2.9,99.6,4.0,,8.9,0.0,1016.1,987.5,54.6,0.0
11,54.6,0.0,53.1,54.2,56.4,10.2,0.7,91.4,2.5,110.7,3.0,,8.8,0.0,1016.3,987.8,53.8,0.0
12,53.7,0.0,52.4,53.3,54.9,10.6,0.9,8.3,0.7,119.7,2.0,,8.6,0.0,1016.2,987.7,53.0,0.0
13,53.5,0.0,51.6,52.9,53.2,10.9,1.5,45.6,0.3,74.6,1.0,,9.3,0.0,1015.9,987.4,52.4,0.0
14,53.5,0.0,51.2,52.9,53.0,11.2,1.7,47.4,0.7,5.5,0.0,,10.1,0.0,1016.5,988.0,52.2,0.0
15,53.2,0.0,50.7,52.6,53.0,11.0,1.5,44.2,1.1,358.0,0.0,,10.3,0.0,1017.3,988.7,51.8,0.0
16,53.1,0.0,50.7,52.4,53.2,10.8,1.3,67.1,1.0,24.0,0.0,,10.1,45.4,1017.7,989.2,51.7,0.0
17,56.8,0.0,53.3,56.4,60.0,10.6,0.4,127.4,0.3,89.2,0.0,,9.3,238.1,1018.1,989.4,54.8,0.0
18,61.9,0.0,56.3,61.6,64.6,10.4,0.5,149.5,0.7,138.5,0.0,,10.7,428.2,1018.3,989.6,58.5,0.0
