KCMH,tmp2m,precip,dpt2m,heatindex,windchill,tmp850,windspeed10,winddirection10,windspeed80,winddirection80,cloudtotal,ptype,visibility,solar,mslp,pressure,wetbulb,snow
0,70.1,,65.6,70.9,71.5,14.4,2.9,280.6,5.3,271.7,99.0,RAIN,7.5,8.0,1014.8,986.2,67.2,
1,68.9,0.054,66.9,69.9,70.2,14.7,2.6,284.6,4.0,285.5,100.0,RAIN,2.7,56.4,1015.6,986.9,67.6,0.0
2,69.2,0.096,67.1,70.2,70.1,13.7,3.7,322.9,5.7,325.3,100.0,RAIN,4.4,39.1,1015.8,987.1,67.8,0.0
3,66.1,0.113,62.5,66.5,65.7,13.6,5.0,0.2,8.2,2.5,100.0,RAIN,8.9,249.0,1016.1,987.2,63.7,0.0
4,66.2,0.113,61.2,66.5,66.0,13.0,4.5,13.8,7.2,15.1,100.0,RAIN,9.9,360.5,1016.3,987.3,63.0,0.0
5,65.9,0.113,59.9,66.0,65.7,12.6,4.6,15.9,6.8,16.1,100.0,RAIN,10.7,202.0,1017.6,988.7,62.1,0.0
6,66.9,0.113,60.0,67.0,66.9,11.9,4.6,4.4,7.2,5.0,100.0,,11.3,276.2,1017.5,988.5,62.6,0.0
7,66.1,0.118,59.9,66.2,65.9,11.4,4.8,2.4,7.8,3.9,100.0,RAIN,10.7,128.0,1017.6,988.6,62.2,0.0
8,64.6,0.121,58.5,64.5,64.1,11.2,4.5,1.6,7.3,2.8,100.0,RAIN,10.8,49.8,1018.1,989.1,60.8,0.0
9,63.5,0.125,58.5,63.5,63.0,10.6,4.0,6.5,6.4,7.5,100.0,RAIN,10.2,36.0,1018.7,989.6,60.4,0.0
10,64.3,0.128,58.0,64.2,64.0,10.4,4.0,13.0,6.3,15.6,100.0,RAIN,11.4,66.0,1018.6,989.5,60.4,0.0
11,62.3,0.128,54.3,61.8,61.8,10.7,3.5,13.4,6.1,14.5,100.0,,13.4,8.0,1019.1,990.0,57.5,0.0
12,60.8,0.128,52.2,60.0,60.0,10.4,3.4,16.7,6.4,19.4,100.0,,14.3,0.0,1020.7,991.4,55.8,0.0
13,59.2,0.128,50.7,58.3,58.3,10.3,3.0,19.1,5.9,22.8,100.0,,14.2,0.0,1021.4,992.1,54.3,0.0
14,58.6,0.128,51.7,57.8,58.1,10.3,2.4,20.5,5.2,26.7,100.0,,12.7,0.0,1022.1,992.7,54.6,0.0
15,57.3,0.128,51.9,56.6,56.7,10.4,2.3,14.9,5.6,27.6,68.0,,11.6,0.0,1022.5,993.0,54.2,0.0
16,56.3,0.128,51.7,55.6,55.5,9.8,2.3,13.7,5.7,28.6,69.0,,11.0,0.0,1022.6,993.2,53.6,0.0
17,55.5,0.128,51.6,54.8,55.1,8.8,1.8,23.5,5.2,39.8,8.0,,10.4,0.0,1022.9,993.4,53.2,0.0
18,54.9,0.128,50.4,54.1,53.0,9.0,3.2,29.4,7.2,39.3,77.0,,11.1,0.0,1022.6,993.1,52.4,0.0
19,54.2,0.128,48.6,53.1,51.9,9.0,3.5,36.5,7.5,41.2,15.0,,12.1,0.0,1023.0,993.4,51.1,0.0
20,53.0,0.128,47.2,51.8,51.2,8.3,2.7,34.5,6.8,44.5,0.0,,12.4,0.0,1023.2,993.6,49.9,0.0
21,51.9,0.128,46.1,50.6,49.9,8.8,2.7,30.3,7.1,42.3,0.0,,12.5,0.0,1023.2,993.5,48.8,0.0
22,51.1,0.128,45.0,49.6,48.8,8.9,2.8,35.9,7.3,45.7,0.0,,13.0,0.0,1023.5,993.8,47.9,0.0
23,50.1,0.128,44.7,48.7,48.4,8.8,2.2,25.2,6.7,49.0,0.0,,12.3,0.0,1024.2,994.5,47.3,0.0
24,50.0,0.128,44.6,48.5,48.1,8.6,2.3,27.2,6.8,49.9,0.0,,12.0,45.8,1024.8,995.0,47.2,0.0
25,54.0,0.128,45.1,52.5,51.3,8.5,3.9,43.8,6.6,48.1,0.0,,14.0,237.2,1025.2,995.4,49.3,0.0
26,56.8,0.128,47.1,55.5,54.3,8.9,4.7,55.9,7.4,58.1,0.0,,14.4,429.1,1025.5,995.8,51.4,0.0
27,59.4,0.128,49.3,58.3,57.6,8.8,4.6,58.6,7.8,59.8,1.0,,14.5,588.0,1025.4,995.8,53.7,0.0
28,61.3,0.128,49.9,60.2,59.9,9.4,4.7,59.1,7.1,59.8,12.0,,15.6,696.2,1025.0,995.5,54.7,0.0
29,63.1,0.128,48.9,62.0,62.3,10.0,4.4,54.7,6.1,55.4,6.0,,18.5,753.6,1024.5,995.1,55.0,0.0
30,64.3,0.128,45.9,62.9,63.8,10.5,4.5,50.9,6.2,52.1,0.0,,23.2,747.3,1023.7,994.4,54.0,0.0
31,65.2,0.128,45.2,63.7,65.0,9.6,4.0,54.2,5.5,55.3,0.0,,24.9,677.1,1023.0,993.8,54.0,0.0
32,65.6,0.128,45.3,64.1,65.5,11.0,4.0,53.4,5.7,54.3,0.0,,25.4,551.2,1022.3,993.1,54.3,0.0
33,65.5,0.128,45.9,64.0,65.6,10.0,3.5,57.6,5.0,58.7,0.0,,25.0,379.3,1022.1,993.0,54.5,0.0
34,64.3,0.128,46.7,62.9,64.5,10.8,3.0,54.9,4.7,57.4,0.0,,23.6,183.0,1021.9,992.8,54.4,0.0
35,60.7,0.128,50.3,59.7,61.0,11.2,1.9,33.9,4.5,47.3,9.0,,17.2,10.0,1021.8,992.6,54.7,0.0
36,58.0,0.128,50.8,57.1,57.7,10.3,2.1,21.6,5.3,48.5,22.0,,14.1,0.0,1022.0,992.9,53.9,0.0
37,56.5,0.128,49.7,55.5,55.7,11.5,2.4,44.3,7.2,56.3,78.0,,13.5,0.0,1021.9,992.6,52.7,0.0
38,55.3,0.128,48.7,54.3,54.5,11.2,2.2,46.4,7.4,65.3,100.0,,13.7,0.0,1022.2,992.9,51.6,0.0
39,54.2,0.128,47.7,53.1,53.0,11.3,2.4,51.6,7.4,68.7,98.0,,13.5,0.0,1021.6,992.3,50.6,0.0
40,53.5,0.128,47.9,52.3,53.1,11.3,1.6,42.8,6.4,71.9,100.0,,12.6,0.0,1021.4,992.0,50.4,0.0
41,52.7,0.128,47.6,51.5,51.9,12.1,1.8,11.5,6.5,76.5,98.0,,12.1,0.0,1020.8,991.5,49.9,0.0
42,52.1,0.128,4